1.000000000000000000e+01 1.018036072144288617e+01 1.036072144288577235e+01 1.054108216432865675e+01 1.072144288577154292e+01 1.090180360721442909e+01 1.108216432865731527e+01 1.126252505010020144e+01 1.144288577154308584e+01 1.162324649298597201e+01 1.180360721442885819e+01 1.198396793587174436e+01 1.216432865731463053e+01 1.234468937875751493e+01 1.252505010020040110e+01 1.270541082164328728e+01 1.288577154308617168e+01 1.306613226452905785e+01 1.324649298597194402e+01 1.342685370741483020e+01
1.360721442885771637e+01 1.378757515030060077e+01 1.396793587174348694e+01 1.414829659318637312e+01 1.432865731462925929e+01 1.450901803607214546e+01 1.468937875751502986e+01 1.486973947895791603e+01 1.505010020040080221e+01 1.523046092184368661e+01 1.541082164328657456e+01 1.559118236472945895e+01 1.577154308617234513e+01 1.595190380761523130e+01 1.613226452905811570e+01 1.631262525050100365e+01 1.649298597194388805e+01 1.667334669338677600e+01 1.685370741482966039e+01 1.703406813627254479e+01
1.721442885771543274e+01 1.739478957915831714e+01 1.757515030060120154e+01 1.775551102204408949e+01 1.793587174348697388e+01 1.811623246492985828e+01 1.829659318637274623e+01 1.847695390781563418e+01 1.865731462925851858e+01 1.883767535070140298e+01 1.901803607214429093e+01 1.919839679358717532e+01 1.937875751503005972e+01 1.955911823647294767e+01 1.973947895791583207e+01 1.991983967935871647e+01 2.010020040080160442e+01 2.028056112224449237e+01 2.046092184368737321e+01 2.064128256513026116e+01
2.082164328657314911e+01 2.100200400801603351e+01 2.118236472945891791e+01 2.136272545090180586e+01 2.154308617234469025e+01 2.172344689378757465e+01 2.190380761523046260e+01 2.208416833667334700e+01 2.226452905811623140e+01 2.244488977955911935e+01 2.262525050100200730e+01 2.280561122244488814e+01 2.298597194388777609e+01 2.316633266533066404e+01 2.334669338677354844e+01 2.352705410821643284e+01 2.370741482965932079e+01 2.388777555110220518e+01 2.406813627254508958e+01 2.424849699398797753e+01
2.442885771543086193e+01 2.460921843687374633e+01 2.478957915831663428e+01 2.496993987975952223e+01 2.515030060120240663e+01 2.533066132264529102e+01 2.551102204408817897e+01 2.569138276553106337e+01 2.587174348697394777e+01 2.605210420841683572e+01 2.623246492985972012e+01 2.641282565130260807e+01 2.659318637274549246e+01 2.677354709418837686e+01 2.695390781563126481e+01 2.713426853707414921e+01 2.731462925851703716e+01 2.749498997995992156e+01 2.767535070140280595e+01 2.785571142284569390e+01
2.803607214428857830e+01 2.821643286573146270e+01 2.839679358717435065e+01 2.857715430861723505e+01 2.875751503006012300e+01 2.893787575150300739e+01 2.911823647294589179e+01 2.929859719438877974e+01 2.947895791583166414e+01 2.965931863727455209e+01 2.983967935871743649e+01 3.002004008016032088e+01 3.020040080160320883e+01 3.038076152304609323e+01 3.056112224448898118e+01 3.074148296593186558e+01 3.092184368737474998e+01 3.110220440881763793e+01 3.128256513026052232e+01 3.146292585170340672e+01
3.164328657314629467e+01 3.182364729458917907e+01 3.200400801603206702e+01 3.218436873747495497e+01 3.236472945891783581e+01 3.254509018036072376e+01 3.272545090180361171e+01 3.290581162324649256e+01 3.308617234468938051e+01 3.326653306613226846e+01 3.344689378757514930e+01 3.362725450901803725e+01 3.380761523046092520e+01 3.398797595190380605e+01 3.416833667334669400e+01 3.434869739478958195e+01 3.452905811623246279e+01 3.470941883767535785e+01 3.488977955911823869e+01 3.507014028056111954e+01
3.525050100200401459e+01 3.543086172344689544e+01 3.561122244488977628e+01 3.579158316633267134e+01 3.597194388777555218e+01 3.615230460921844013e+01 3.633266533066132808e+01 3.651302605210420893e+01 3.669338677354709688e+01 3.687374749498998483e+01 3.705410821643286567e+01 3.723446893787575362e+01 3.741482965931864157e+01 3.759519038076152242e+01 3.777555110220441037e+01 3.795591182364729832e+01 3.813627254509017916e+01 3.831663326653306711e+01 3.849699398797595506e+01 3.867735470941883591e+01
3.885771543086172386e+01 3.903807615230461181e+01 3.921843687374749265e+01 3.939879759519038771e+01 3.957915831663326856e+01 3.975951903807614940e+01 3.993987975951904446e+01 4.012024048096192530e+01 4.030060120240481325e+01 4.048096192384770120e+01 4.066132264529058205e+01 4.084168336673347000e+01 4.102204408817635795e+01 4.120240480961923879e+01 4.138276553106212674e+01 4.156312625250501469e+01 4.174348697394789554e+01 4.192384769539078349e+01 4.210420841683367144e+01 4.228456913827655228e+01
4.246492985971944023e+01 4.264529058116232818e+01 4.282565130260521613e+01 4.300601202404809698e+01 4.318637274549098493e+01 4.336673346693387288e+01 4.354709418837675372e+01 4.372745490981964167e+01 4.390781563126252962e+01 4.408817635270541047e+01 4.426853707414829842e+01 4.444889779559118637e+01 4.462925851703407432e+01 4.480961923847695516e+01 4.498997995991984311e+01 4.517034068136273106e+01 4.535070140280561191e+01 4.553106212424849986e+01 4.571142284569138781e+01 4.589178356713426865e+01
4.607214428857715660e+01 4.625250501002004455e+01 4.643286573146292540e+01 4.661322645290581335e+01 4.679358717434870130e+01 4.697394789579158925e+01 4.715430861723447009e+01 4.733466933867735804e+01 4.751503006012024599e+01 4.769539078156312684e+01 4.787575150300601479e+01 4.805611222444890274e+01 4.823647294589178358e+01 4.841683366733467153e+01 4.859719438877755948e+01 4.877755511022044033e+01 4.895791583166332828e+01 4.913827655310621623e+01 4.931863727454910418e+01 4.949899799599198502e+01
4.967935871743487297e+01 4.985971943887776092e+01 5.004008016032064177e+01 5.022044088176352972e+01 5.040080160320641767e+01 5.058116232464929851e+01 5.076152304609218646e+01 5.094188376753507441e+01 5.112224448897796236e+01 5.130260521042084321e+01 5.148296593186373116e+01 5.166332665330661911e+01 5.184368737474949995e+01 5.202404809619238790e+01 5.220440881763527585e+01 5.238476953907815670e+01 5.256513026052104465e+01 5.274549098196393260e+01 5.292585170340681344e+01 5.310621242484970139e+01
5.328657314629258934e+01 5.346693386773547729e+01 5.364729458917835814e+01 5.382765531062124609e+01 5.400801603206413404e+01 5.418837675350701488e+01 5.436873747494990283e+01 5.454909819639279078e+01 5.472945891783567163e+01 5.490981963927855958e+01 5.509018036072144753e+01 5.527054108216433548e+01 5.545090180360721632e+01 5.563126252505010427e+01 5.581162324649299222e+01 5.599198396793587307e+01 5.617234468937876102e+01 5.635270541082164897e+01 5.653306613226452981e+01 5.671342685370741776e+01
5.689378757515030571e+01 5.707414829659318656e+01 5.725450901803607451e+01 5.743486973947896246e+01 5.761523046092185041e+01 5.779559118236473125e+01 5.797595190380761920e+01 5.815631262525050715e+01 5.833667334669338800e+01 5.851703406813627595e+01 5.869739478957916390e+01 5.887775551102204474e+01 5.905811623246493269e+01 5.923847695390782064e+01 5.941883767535070859e+01 5.959919839679358944e+01 5.977955911823647739e+01 5.995991983967936534e+01 6.014028056112224618e+01 6.032064128256513413e+01
6.050100200400802208e+01 6.068136272545090293e+01 6.086172344689379088e+01 6.104208416833667883e+01 6.122244488977955967e+01 6.140280561122244762e+01 6.158316633266533557e+01 6.176352705410822352e+01 6.194388777555110437e+01 6.212424849699399232e+01 6.230460921843688027e+01 6.248496993987976111e+01 6.266533066132264906e+01 6.284569138276553701e+01 6.302605210420841786e+01 6.320641282565130581e+01 6.338677354709419376e+01 6.356713426853708171e+01 6.374749498997996255e+01 6.392785571142285050e+01
6.410821643286573135e+01 6.428857715430862640e+01 6.446893787575150725e+01 6.464929859719438809e+01 6.482965931863728315e+01 6.501002004008016399e+01 6.519038076152304484e+01 6.537074148296593989e+01 6.555110220440882074e+01 6.573146292585170158e+01 6.591182364729459664e+01 6.609218436873747748e+01 6.627254509018035833e+01 6.645290581162325338e+01 6.663326653306613423e+01 6.681362725450901507e+01 6.699398797595191013e+01 6.717434869739479097e+01 6.735470941883767182e+01 6.753507014028056687e+01
6.771543086172344772e+01 6.789579158316632856e+01 6.807615230460922362e+01 6.825651302605211868e+01 6.843687374749498531e+01 6.861723446893788037e+01 6.879759519038077542e+01 6.897795591182364205e+01 6.915831663326653711e+01 6.933867735470943217e+01 6.951903807615229880e+01 6.969939879759519386e+01 6.987975951903808891e+01 7.006012024048096976e+01 7.024048096192385060e+01 7.042084168336674566e+01 7.060120240480962650e+01 7.078156312625250735e+01 7.096192384769540240e+01 7.114228456913828325e+01
7.132264529058116409e+01 7.150300601202405915e+01 7.168336673346693999e+01 7.186372745490982084e+01 7.204408817635271589e+01 7.222444889779559674e+01 7.240480961923847758e+01 7.258517034068137264e+01 7.276553106212425348e+01 7.294589178356713433e+01 7.312625250501002938e+01 7.330661322645291023e+01 7.348697394789579107e+01 7.366733466933868613e+01 7.384769539078156697e+01 7.402805611222444782e+01 7.420841683366734287e+01 7.438877755511022372e+01 7.456913827655310456e+01 7.474949899799599962e+01
7.492985971943888046e+01 7.511022044088177552e+01 7.529058116232465636e+01 7.547094188376753721e+01 7.565130260521043226e+01 7.583166332665331311e+01 7.601202404809619395e+01 7.619238476953908901e+01 7.637274549098196985e+01 7.655310621242485070e+01 7.673346693386774575e+01 7.691382765531062660e+01 7.709418837675350744e+01 7.727454909819640250e+01 7.745490981963928334e+01 7.763527054108216419e+01 7.781563126252505924e+01 7.799599198396794009e+01 7.817635270541082093e+01 7.835671342685371599e+01
7.853707414829659683e+01 7.871743486973947768e+01 7.889779559118237273e+01 7.907815631262525358e+01 7.925851703406814863e+01 7.943887775551102948e+01 7.961923847695391032e+01 7.979959919839680538e+01 7.997995991983968622e+01 8.016032064128256707e+01 8.034068136272546212e+01 8.052104208416834297e+01 8.070140280561122381e+01 8.088176352705411887e+01 8.106212424849699971e+01 8.124248496993988056e+01 8.142284569138277561e+01 8.160320641282565646e+01 8.178356713426853730e+01 8.196392785571143236e+01
8.214428857715431320e+01 8.232464929859719405e+01 8.250501002004008910e+01 8.268537074148296995e+01 8.286573146292585079e+01 8.304609218436874585e+01 8.322645290581162669e+01 8.340681362725450754e+01 8.358717434869740259e+01 8.376753507014028344e+01 8.394789579158317849e+01 8.412825651302605934e+01 8.430861723446894018e+01 8.448897795591183524e+01 8.466933867735471608e+01 8.484969939879759693e+01 8.503006012024049198e+01 8.521042084168337283e+01 8.539078156312625367e+01 8.557114228456914873e+01
8.575150300601202957e+01 8.593186372745491042e+01 8.611222444889780547e+01 8.629258517034068632e+01 8.647294589178356716e+01 8.665330661322646222e+01 8.683366733466934306e+01 8.701402805611222391e+01 8.719438877755511896e+01 8.737474949899799981e+01 8.755511022044088065e+01 8.773547094188377571e+01 8.791583166332665655e+01 8.809619238476955161e+01 8.827655310621243245e+01 8.845691382765531330e+01 8.863727454909820835e+01 8.881763527054108920e+01 8.899799599198397004e+01 8.917835671342686510e+01
8.935871743486974594e+01 8.953907815631262679e+01 8.971943887775552184e+01 8.989979959919840269e+01 9.008016032064128353e+01 9.026052104208417859e+01 9.044088176352705943e+01 9.062124248496994028e+01 9.080160320641283533e+01 9.098196392785571618e+01 9.116232464929859702e+01 9.134268537074149208e+01 9.152304609218437292e+01 9.170340681362725377e+01 9.188376753507014882e+01 9.206412825651302967e+01 9.224448897795592472e+01 9.242484969939880557e+01 9.260521042084168641e+01 9.278557114228458147e+01
9.296593186372746231e+01 9.314629258517034316e+01 9.332665330661323821e+01 9.350701402805611906e+01 9.368737474949899990e+01 9.386773547094189496e+01 9.404809619238477580e+01 9.422845691382765665e+01 9.440881763527055170e+01 9.458917835671343255e+01 9.476953907815631339e+01 9.494989979959920845e+01 9.513026052104208929e+01 9.531062124248497014e+01 9.549098196392786519e+01 9.567134268537074604e+01 9.585170340681362688e+01 9.603206412825652194e+01 9.621242484969940278e+01 9.639278557114229784e+01
9.657314629258517868e+01 9.675350701402805953e+01 9.693386773547095459e+01 9.711422845691383543e+01 9.729458917835671627e+01 9.747494989979961133e+01 9.765531062124249218e+01 9.783567134268537302e+01 9.801603206412826808e+01 9.819639278557114892e+01 9.837675350701402976e+01 9.855711422845692482e+01 9.873747494989980567e+01 9.891783567134268651e+01 9.909819639278558157e+01 9.927855711422846241e+01 9.945891783567134325e+01 9.963927855711423831e+01 9.981963927855711916e+01 1.000000000000000000e+02
